- name: Work
  latitude: -33.867494
  longitude: 151.198045
- name: School
  latitude: -33.409171
  longitude: 151.335211
